10691 336519 2 3914
36 2268 2 325
186 116472 2 2533
204 187587 2 2932
58 10572 2 882
491 1332575 2 8435
536 1396084 2 8311
553 1447561 2 8669
265 1104462 2 7890
146 751898 2 6373
137 1630981 2 9062
21 3024 2 337
44 78184 2 2697
100 392964 2 4913
54 238875 2 3676
35 80660 2 2181
86 443073 2 5153
117 912254 2 6912
35 69156 2 2035
66 441192 2 4745
66 255827 2 3412
25 41752 2 1229
43 70654 2 2142
11 2034 2 340
113 931542 2 7112
82 449985 2 4640
159 2131161 2 9822
118 1005538 2 7505
64 112289 2 2442
155 2085514 2 9932
38 88724 2 2165
134 1116834 2 7866
96 429613 2 4722
129 2075450 2 10076
79 284991 2 4192
65 301771 2 4312
39 101040 2 2527
10 1981 2 284
142 1571534 2 9300
19 1257 2 315
104 245690 2 3668
37 79116 2 2083
146 1311018 2 7995
103 755297 2 6348
141 1236303 2 7404
84 819856 2 6074
112 655592 2 6128
20 12810 2 916
231 1655969 2 9150
79 146217 2 2985
97 236112 2 3374
47 3255 2 466
110 200039 2 3638
190 607363 2 5841
92 540919 2 5104
103 353203 2 4588
230 1960008 2 10001
184 1545811 2 9543
113 647241 2 5885
16 2064 2 345
126 1158975 2 7576
139 1242782 2 8071
19 10885 2 908
33 97482 2 2322
107 365067 2 4347
69 259564 2 3606
50 94361 2 2360
92 177829 2 3015
16 16290 2 906
102 776777 2 6368
26 31043 2 1412
29 53924 2 1587
28 37417 2 1560
168 1324988 2 8718
52 169921 2 2881
152 920765 2 7674
17 17534 2 798
37 82878 2 2182
136 1454190 2 8868
15 6391 2 914
138 1109238 2 7704
24 31900 2 1451
164 1930507 2 9702
107 596451 2 6214
121 164143 2 3098
94 509204 2 5093
125 496619 2 5399
174 1820136 2 9335
70 354649 2 4223
269 1485346 2 8790
325 1211353 2 8472
132 978883 2 7361
160 1750215 2 9565
47 173557 2 3215
144 1669643 2 9434
62 363568 2 3828
33 79420 2 2091
128 558076 2 5316
172 1820451 2 9633
141 1477619 2 8849
